READABLE DATASET
================================================================================
Original file: nutation2000b.json
Dataset number: 301 of 455
Format: valid JSON
Structure: Object / structured dataset
Original size: 9,562 bytes
Top-level fields: 4

CONTENT
--------------------------------------------------------------------------------
• TURNAS: 1296000
• DJC: 36525
• DJ00: 2451545
• TERMS:
  1.
    1.
      0
    2.
      0
    3.
      0
    4.
      0
    5.
      1
    6.
      -172064161
    7.
      -174666
    8.
      33386
    9.
      92052331
    10.
      9086
    11.
      15377
  2.
    1.
      0
    2.
      0
    3.
      2
    4.
      -2
    5.
      2
    6.
      -13170906
    7.
      -1675
    8.
      -13696
    9.
      5730336
    10.
      -3015
    11.
      -4587
  3.
    1.
      0
    2.
      0
    3.
      2
    4.
      0
    5.
      2
    6.
      -2276413
    7.
      -234
    8.
      2796
    9.
      978459
    10.
      -485
    11.
      1374
  4.
    1.
      0
    2.
      0
    3.
      0
    4.
      0
    5.
      2
    6.
      2074554
    7.
      207
    8.
      -698
    9.
      -897492
    10.
      470
    11.
      -291
  5.
    1.
      0
    2.
      1
    3.
      0
    4.
      0
    5.
      0
    6.
      1475877
    7.
      -3633
    8.
      11817
    9.
      73871
    10.
      -184
    11.
      -1924
  6.
    1.
      0
    2.
      1
    3.
      2
    4.
      -2
    5.
      2
    6.
      -516821
    7.
      1226
    8.
      -524
    9.
      224386
    10.
      -677
    11.
      -174
  7.
    1.
      1
    2.
      0
    3.
      0
    4.
      0
    5.
      0
    6.
      711159
    7.
      73
    8.
      -872
    9.
      -6750
    10.
      0
    11.
      358
  8.
    1.
      0
    2.
      0
    3.
      2
    4.
      0
    5.
      1
    6.
      -387298
    7.
      -367
    8.
      380
    9.
      200728
    10.
      18
    11.
      318
  9.
    1.
      1
    2.
      0
    3.
      2
    4.
      0
    5.
      2
    6.
      -301461
    7.
      -36
    8.
      816
    9.
      129025
    10.
      -63
    11.
      367
  10.
    1.
      0
    2.
      -1
    3.
      2
    4.
      -2
    5.
      2
    6.
      215829
    7.
      -494
    8.
      111
    9.
      -95929
    10.
      299
    11.
      132
  11.
    1.
      0
    2.
      0
    3.
      2
    4.
      -2
    5.
      1
    6.
      128227
    7.
      137
    8.
      181
    9.
      -68982
    10.
      -9
    11.
      39
  12.
    1.
      -1
    2.
      0
    3.
      2
    4.
      0
    5.
      2
    6.
      123457
    7.
      11
    8.
      19
    9.
      -53311
    10.
      32
    11.
      -4
  13.
    1.
      -1
    2.
      0
    3.
      0
    4.
      2
    5.
      0
    6.
      156994
    7.
      10
    8.
      -168
    9.
      -1235
    10.
      0
    11.
      82
  14.
    1.
      1
    2.
      0
    3.
      0
    4.
      0
    5.
      1
    6.
      63110
    7.
      63
    8.
      27
    9.
      -33228
    10.
      0
    11.
      -9
  15.
    1.
      -1
    2.
      0
    3.
      0
    4.
      0
    5.
      1
    6.
      -57976
    7.
      -63
    8.
      -189
    9.
      31429
    10.
      0
    11.
      -75
  16.
    1.
      -1
    2.
      0
    3.
      2
    4.
      2
    5.
      2
    6.
      -59641
    7.
      -11
    8.
      149
    9.
      25543
    10.
      -11
    11.
      66
  17.
    1.
      1
    2.
      0
    3.
      2
    4.
      0
    5.
      1
    6.
      -51613
    7.
      -42
    8.
      129
    9.
      26366
    10.
      0
    11.
      78
  18.
    1.
      -2
    2.
      0
    3.
      2
    4.
      0
    5.
      1
    6.
      45893
    7.
      50
    8.
      31
    9.
      -24236
    10.
      -10
    11.
      20
  19.
    1.
      0
    2.
      0
    3.
      0
    4.
      2
    5.
      0
    6.
      63384
    7.
      11
    8.
      -150
    9.
      -1220
    10.
      0
    11.
      29
  20.
    1.
      0
    2.
      0
    3.
      2
    4.
      2
    5.
      2
    6.
      -38571
    7.
      -1
    8.
      158
    9.
      16452
    10.
      -11
    11.
      68
  21.
    1.
      0
    2.
      -2
    3.
      2
    4.
      -2
    5.
      2
    6.
      32481
    7.
      0
    8.
      0
    9.
      -13870
    10.
      0
    11.
      0
  22.
    1.
      -2
    2.
      0
    3.
      0
    4.
      2
    5.
      0
    6.
      -47722
    7.
      0
    8.
      -18
    9.
      477
    10.
      0
    11.
      -25
  23.
    1.
      2
    2.
      0
    3.
      2
    4.
      0
    5.
      2
    6.
      -31046
    7.
      -1
    8.
      131
    9.
      13238
    10.
      -11
    11.
      59
  24.
    1.
      1
    2.
      0
    3.
      2
    4.
      -2
    5.
      2
    6.
      28593
    7.
      0
    8.
      -1
    9.
      -12338
    10.
      10
    11.
      -3
  25.
    1.
      -1
    2.
      0
    3.
      2
    4.
      0
    5.
      1
    6.
      20441
    7.
      21
    8.
      10
    9.
      -10758
    10.
      0
    11.
      -3
  26.
    1.
      2
    2.
      0
    3.
      0
    4.
      0
    5.
      0
    6.
      29243
    7.
      0
    8.
      -74
    9.
      -609
    10.
      0
    11.
      13
  27.
    1.
      0
    2.
      0
    3.
      2
    4.
      0
    5.
      0
    6.
      25887
    7.
      0
    8.
      -66
    9.
      -550
    10.
      0
    11.
      11
  28.
    1.
      0
    2.
      1
    3.
      0
    4.
      0
    5.
      1
    6.
      -14053
    7.
      -25
    8.
      79
    9.
      8551
    10.
      -2
    11.
      -45
  29.
    1.
      -1
    2.
      0
    3.
      0
    4.
      2
    5.
      1
    6.
      15164
    7.
      10
    8.
      11
    9.
      -8001
    10.
      0
    11.
      -1
  30.
    1.
      0
    2.
      2
    3.
      2
    4.
      -2
    5.
      2
    6.
      -15794
    7.
      72
    8.
      -16
    9.
      6850
    10.
      -42
    11.
      -5
  31.
    1.
      0
    2.
      0
    3.
      -2
    4.
      2
    5.
      0
    6.
      21783
    7.
      0
    8.
      13
    9.
      -167
    10.
      0
    11.
      13
  32.
    1.
      1
    2.
      0
    3.
      0
    4.
      -2
    5.
      1
    6.
      -12873
    7.
      -10
    8.
      -37
    9.
      6953
    10.
      0
    11.
      -14
  33.
    1.
      0
    2.
      -1
    3.
      0
    4.
      0
    5.
      1
    6.
      -12654
    7.
      11
    8.
      63
    9.
      6415
    10.
      0
    11.
      26
  34.
    1.
      -1
    2.
      0
    3.
      2
    4.
      2
    5.
      1
    6.
      -10204
    7.
      0
    8.
      25
    9.
      5222
    10.
      0
    11.
      15
  35.
    1.
      0
    2.
      2
    3.
      0
    4.
      0
    5.
      0
    6.
      16707
    7.
      -85
    8.
      -10
    9.
      168
    10.
      -1
    11.
      10
  36.
    1.
      1
    2.
      0
    3.
      2
    4.
      2
    5.
      2
    6.
      -7691
    7.
      0
    8.
      44
    9.
      3268
    10.
      0
    11.
      19
  37.
    1.
      -2
    2.
      0
    3.
      2
    4.
      0
    5.
      0
    6.
      -11024
    7.
      0
    8.
      -14
    9.
      104
    10.
      0
    11.
      2
  38.
    1.
      0
    2.
      1
    3.
      2
    4.
      0
    5.
      2
    6.
      7566
    7.
      -21
    8.
      -11
    9.
      -3250
    10.
      0
    11.
      -5
  39.
    1.
      0
    2.
      0
    3.
      2
    4.
      2
    5.
      1
    6.
      -6637
    7.
      -11
    8.
      25
    9.
      3353
    10.
      0
    11.
      14
  40.
    1.
      0
    2.
      -1
    3.
      2
    4.
      0
    5.
      2
    6.
      -7141
    7.
      21
    8.
      8
    9.
      3070
    10.
      0
    11.
      4
  41.
    1.
      0
    2.
      0
    3.
      0
    4.
      2
    5.
      1
    6.
      -6302
    7.
      -11
    8.
      2
    9.
      3272
    10.
      0
    11.
      4
  42.
    1.
      1
    2.
      0
    3.
      2
    4.
      -2
    5.
      1
    6.
      5800
    7.
      10
    8.
      2
    9.
      -3045
    10.
      0
    11.
      -1
  43.
    1.
      2
    2.
      0
    3.
      2
    4.
      -2
    5.
      2
    6.
      6443
    7.
      0
    8.
      -7
    9.
      -2768
    10.
      0
    11.
      -4
  44.
    1.
      -2
    2.
      0
    3.
      0
    4.
      2
    5.
      1
    6.
      -5774
    7.
      -11
    8.
      -15
    9.
      3041
    10.
      0
    11.
      -5
  45.
    1.
      2
    2.
      0
    3.
      2
    4.
      0
    5.
      1
    6.
      -5350
    7.
      0
    8.
      21
    9.
      2695
    10.
      0
    11.
      12
  46.
    1.
      0
    2.
      -1
    3.
      2
    4.
      -2
    5.
      1
    6.
      -4752
    7.
      -11
    8.
      -3
    9.
      2719
    10.
      0
    11.
      -3
  47.
    1.
      0
    2.
      0
    3.
      0
    4.
      -2
    5.
      1
    6.
      -4940
    7.
      -11
    8.
      -21
    9.
      2720
    10.
      0
    11.
      -9
  48.
    1.
      -1
    2.
      -1
    3.
      0
    4.
      2
    5.
      0
    6.
      7350
    7.
      0
    8.
      -8
    9.
      -51
    10.
      0
    11.
      4
  49.
    1.
      2
    2.
      0
    3.
      0
    4.
      -2
    5.
      1
    6.
      4065
    7.
      0
    8.
      6
    9.
      -2206
    10.
      0
    11.
      1
  50.
    1.
      1
    2.
      0
    3.
      0
    4.
      2
    5.
      0
    6.
      6579
    7.
      0
    8.
      -24
    9.
      -199
    10.
      0
    11.
      2
  51.
    1.
      0
    2.
      1
    3.
      2
    4.
      -2
    5.
      1
    6.
      3579
    7.
      0
    8.
      5
    9.
      -1900
    10.
      0
    11.
      1
  52.
    1.
      1
    2.
      -1
    3.
      0
    4.
      0
    5.
      0
    6.
      4725
    7.
      0
    8.
      -6
    9.
      -41
    10.
      0
    11.
      3
  53.
    1.
      -2
    2.
      0
    3.
      2
    4.
      0
    5.
      2
    6.
      -3075
    7.
      0
    8.
      -2
    9.
      1313
    10.
      0
    11.
      -1
  54.
    1.
      3
    2.
      0
    3.
      2
    4.
      0
    5.
      2
    6.
      -2904
    7.
      0
    8.
      15
    9.
      1233
    10.
      0
    11.
      7
  55.
    1.
      0
    2.
      -1
    3.
      0
    4.
      2
    5.
      0
    6.
      4348
    7.
      0
    8.
      -10
    9.
      -81
    10.
      0
    11.
      2
  56.
    1.
      1
    2.
      -1
    3.
      2
    4.
      0
    5.
      2
    6.
      -2878
    7.
      0
    8.
      8
    9.
      1232
    10.
      0
    11.
      4
  57.
    1.
      0
    2.
      0
    3.
      0
    4.
      1
    5.
      0
    6.
      -4230
    7.
      0
    8.
      5
    9.
      -20
    10.
      0
    11.
      -2
  58.
    1.
      -1
    2.
      -1
    3.
      2
    4.
      2
    5.
      2
    6.
      -2819
    7.
      0
    8.
      7
    9.
      1207
    10.
      0
    11.
      3
  59.
    1.
      -1
    2.
      0
    3.
      2
    4.
      0
    5.
      0
    6.
      -4056
    7.
      0
    8.
      5
    9.
      40
    10.
      0
    11.
      -2
  60.
    1.
      0
    2.
      -1
    3.
      2
    4.
      2
    5.
      2
    6.
      -2647
    7.
      0
    8.
      11
    9.
      1129
    10.
      0
    11.
      5
  61.
    1.
      -2
    2.
      0
    3.
      0
    4.
      0
    5.
      1
    6.
      -2294
    7.
      0
    8.
      -10
    9.
      1266
    10.
      0
    11.
      -4
  62.
    1.
      1
    2.
      1
    3.
      2
    4.
      0
    5.
      2
    6.
      2481
    7.
      0
    8.
      -7
    9.
      -1062
    10.
      0
    11.
      -3
  63.
    1.
      2
    2.
      0
    3.
      0
    4.
      0
    5.
      1
    6.
      2179
    7.
      0
    8.
      -2
    9.
      -1129
    10.
      0
    11.
      -2
  64.
    1.
      -1
    2.
      1
    3.
      0
    4.
      1
    5.
      0
    6.
      3276
    7.
      0
    8.
      1
    9.
      -9
    10.
      0
    11.
      0
  65.
    1.
      1
    2.
      1
    3.
      0
    4.
      0
    5.
      0
    6.
      -3389
    7.
      0
    8.
      5
    9.
      35
    10.
      0
    11.
      -2
  66.
    1.
      1
    2.
      0
    3.
      2
    4.
      0
    5.
      0
    6.
      3339
    7.
      0
    8.
      -13
    9.
      -107
    10.
      0
    11.
      1
  67.
    1.
      -1
    2.
      0
    3.
      2
    4.
      -2
    5.
      1
    6.
      -1987
    7.
      0
    8.
      -6
    9.
      1073
    10.
      0
    11.
      -2
  68.
    1.
      1
    2.
      0
    3.
      0
    4.
      0
    5.
      2
    6.
      -1981
    7.
      0
    8.
      0
    9.
      854
    10.
      0
    11.
      0
  69.
    1.
      -1
    2.
      0
    3.
      0
    4.
      1
    5.
      0
    6.
      4026
    7.
      0
    8.
      -353
    9.
      -553
    10.
      0
    11.
      -139
  70.
    1.
      0
    2.
      0
    3.
      2
    4.
      1
    5.
      2
    6.
      1660
    7.
      0
    8.
      -5
    9.
      -710
    10.
      0
    11.
      -2
  71.
    1.
      -1
    2.
      0
    3.
      2
    4.
      4
    5.
      2
    6.
      -1521
    7.
      0
    8.
      9
    9.
      647
    10.
      0
    11.
      4
  72.
    1.
      -1
    2.
      1
    3.
      0
    4.
      1
    5.
      1
    6.
      1314
    7.
      0
    8.
      0
    9.
      -700
    10.
      0
    11.
      0
  73.
    1.
      0
    2.
      -2
    3.
      2
    4.
      -2
    5.
      1
    6.
      -1283
    7.
      0
    8.
      0
    9.
      672
    10.
      0
    11.
      0
  74.
    1.
      1
    2.
      0
    3.
      2
    4.
      2
    5.
      1
    6.
      -1331
    7.
      0
    8.
      8
    9.
      663
    10.
      0
    11.
      4
  75.
    1.
      -2
    2.
      0
    3.
      2
    4.
      2
    5.
      2
    6.
      1383
    7.
      0
    8.
      -2
    9.
      -594
    10.
      0
    11.
      -2
  76.
    1.
      -1
    2.
      0
    3.
      0
    4.
      0
    5.
      2
    6.
      1405
    7.
      0
    8.
      4
    9.
      -610
    10.
      0
    11.
      2
  77.
    1.
      1
    2.
      1
    3.
      2
    4.
      -2
    5.
      2
    6.
      1290
    7.
      0
    8.
      0
    9.
      -556
    10.
      0
    11.
      0
